SEED: 3664 SUCCESS @ EP:  0 [0.16276547 0.54572585 0.07770829 0.64403322 0.41507124] [-0.18324313 -0.4206733  -0.04742229 -0.61782629  0.41507124] TOTAL TIMESTEPS:  200
SEED: 3119 SUCCESS @ EP:  1186 [2.22239947 2.14117449 0.20943135 3.34499878 0.72440058] [-2.39849219 -2.8408429  -0.20936861 -2.93844756  0.27514169] TOTAL TIMESTEPS:  74010
SEED: 5584 SUCCESS @ EP:  1120 [1.27335024 1.94044868 0.20941328 1.2425003  0.72475253] [-2.397622   -2.77501669 -0.20942988 -2.92747724  0.27537667] TOTAL TIMESTEPS:  86971
